1000201
1000336
1001124
1001538
1002152
1002570
1002592
17909
1000114
1000792
1001864
1002153
1002314
1002463
10678
11288
11662
12264
12707
12944
15736
15809
19810
22055
22386
23994
24905
26602
27394
28987
29012
29211
29470
29651
30764
31058
32121
33598
33902
34458
34871
35357
50590
50913
50966
51682
52749
54512
54678
55029
55677
60544
60556
61011
61690
62579
29444
1000010
1000017
1000359
1000694
1000806
1001419
1001426
1001428
1001433
1001434
1001447
1001451
1001453
1001454
1001557
1002071
1002282
1002423
1002710
1003108
1003331
1003422
1004571
1004572
1004861
1004881
1005191
1005212
1005488
1005585
1005684
1005714
1005828
1006079
1006245
1006285
1006503
1006513
1006524
1006937
1006951
1006953
1006954
1007193
1007346
1007408
1007600
1008166
1008295
1008432
1008472
1008612
1008619
1008702
1008729
1008781
1008802
1009095
1009264
1009332
1009333
1009412
1009439
1009596
1009717
1009726
1009736
1009826
1009851
1010175
1010212
1010214
1010217
1010232
1010420
1010489
1010587
1010651
1010770
1010829
1011090
1011218
1011346
6346
6683
6838
6922
7012
7035
7413
1001443
1001446
1003433
1005591
1008424
1011284
11185
11707
11729
11863
12038
13477
14595
14803
15945
17858
18290
18470
19341
19822
19853
21401
21424
21429
21470
21576
22109
22198
24555
26320
26908
28932
28985
29222
29388
29405
29693
30458
31836
31941
32118
33935
33936
34604
34748
50153
50534
51643
52525
52597
52673
52715
52753
52766
53004
53014
53066
53171
53187
53267
53771
53888
54125
54465
54759
54835
54953
60281
60922
61103
61427
61994
62111
62202
62281
62356
62401
10214
11296
13002
16506
22100
24157
29278
31666
31956
50614
53196
6357
6761
6858
6332
6368
6372
6561
6581
6693
6750
6799
7069
1000021
1000030
1000183
1000295
1000501
1000661
1000675
1000678
1000720
1001201
1001404
1001430
1001432
1001445
1001449
1001452
1001558
1002072
1002088
1002089
1002200
1002412
1002783
1002912
1002920
1003105
1003163
1003651
1003684
1004032
1004810
1004880
1004912
1004922
1005064
1005264
1005528
1005529
1006037
1006057
1006073
1006185
1006290
1006377
1006382
1006523
1006716
1006853
1006858
1006952
1006956
1006957
1006958
1006977
1007173
1007293
1007308
1007407
1007425
1007433
1007510
1007976
1008034
1008211
1008214
1008692
1008771
1008814
1009025
1009091
1009115
1009197
1009331
1009334
1009354
1009411
1009566
1009595
1009609
1009812
1009863
1009944
1009952
1010188
1010374
1010633
1010870
1011037
10251
10654
11176
11463
12118
12211
12935
13049
13086
14369
14377
15835
15940
19468
19823
19832
19836
19837
19884
20499
21436
21530
21557
21775
21937
22115
22339
22378
24000
24037
24196
25262
25341
27918
28672
28728
29283
29325
29384
29406
29660
30393
30997
31769
31874
32104
32375
33442
33833
34593
34622
34637
35202
35512
35573
50009
50034
50603
50663
50709
50743
51017
51072
51160
51254
51497
52339
52544
52676
52840
53040
53215
53246
53270
53329
53359
53437
53717
54087
54222
54467
55264
60268
60323
60417
60646
60658
61070
61811
62002
62183
62514
62691
62707
62719
62732
63095
65058
65155
